7515078
10432762
11062655
9846385
7521432
10560597
11651095
8177165
9860509
11651086
7527741
7408478
7264708
11071442
11071668
11071701
11651111
11072687
7548907
11073504
7386062
11073685
10587536
11073055
9390958
9390733
9574359
11099579
11097234
10602925
11091385
9951892
11117364
7257536
9968144
9970080
9958084
10597650
9957915
9983808
10621478
9390829
10014987
9996397
9967839
10588110
9413418
7231381
9413517
9981819
10019161
10019232
10019313
9982837
10035473
10035941
10031209
10032422
10284185
11164685
11164710
11164704
10029765
7741680
7747943
10062854
10063079
8747255
9442481
7770711
10053178
10748738
9459751
10077657
9484506
10749328
7827121
8785557
7205173
7205153
8790404
8791482
9500019
7297409
8805361
9499665
9492320
7380450
7401611
8748153
7206269
8846386
10093084
9499140
10814616
10813798
8902477
8902842
8033179
8871620
8896615
9492268
10113718
7248134
11785848
8875618
8916106
8166241
8165024
10062713
8194824
10120607
10121355
11204155
11204627
8316687
9529877
9529754
9526419
11204516
9538484
9538949
9539205
8468909
11795804
8462978
9802776
8165448
9070642
9086026
9550629
11860767
9556766
10167813
9557002
9557201
10172378
10172292
7205270
10175518
10200685
11864899
10839041
10894435
10826167
10199586
9206729
10182900
10182726
10182796
9593405
10186041
9614940
9633522
10186438
9633676
9631049
10128987
9212420
9270683
10199973
9634914
10202092
10200462
10216691
10210410
11866718
11866096
9304677
11864941
9181817
8474232
9317723
8025478
9327345
9328562
10217826
9327032
10241667
10221434
8021342
10222770
9679209
9681301
11789037
10247736
8043917
10248367
10248979
10233096
9059626
9715871
9716348
9717198
9727590
9728450
9447347
9769179
9772052
10294487
9452654
9750203
10295021
10264061
10295336
10295565
10295802
10295456
11866170
10296713
10310727
10267202
9792962
10311690
10305672
9569267
9802396
10306948
9733371
10133786
10313263
10334267
7297245
7297178
10348227
10348269
10348542
10348188
10348298
10348640
7230468
10363932
10364299
10364443
10363791
10416256
10426478
10353432
11284900
10440821
10449371
11321015
11320362
11265365
9730595
7291774
7235190
10532154
9565983
11354767
10814067
9213381
9067108
11375947
9221879
11376911
11377225
9602771
11407050
11399425
11399958
11279925
11400682
11410626
11410603
11410611
9715503
9737061
11488604
11489150
11551363
8852928
9064050
9817525
11502333
12054202
7740413
11575032
11575705
11590577
11591948
11597798
12077956
12079791
12109262
12085851
12090432
12086858
12080223
11504971
10141299
9597136
7409458
12231012
12231296
12231592
12243040
12262962
12269735
12274450
12302756
12299454
12303517
12301965
12308308
12330415
12330919
12344697
12332038
12347861
12458916
12459089
12462790
